std = 1.0:
  layer 1: 41261  3203  2120  1728  1682  1547  1706  2135  3141 41477
  layer 2: 36570  4668  3174  2657  2515  2475  2640  3106  4605 37590
  layer 3: 39466  5183  3576  2838  2673  2689  2740  3286  4730 32819
  layer 4: 35673  4121  2846  2368  2218  2326  2412  3014  4685 40337
  layer 5: 36787  4387  3107  2533  2386  2351  2542  2942  4213 38752
std = 0.01:
  layer 1:     0     0     0     5 49989 50000     6     0     0     0
  layer 2:     0     0     0     0 50090 49910     0     0     0     0
  layer 3:     0     0     0     0 55000 45000     0     0     0     0
  layer 4:     0     0     0     0 52000 48000     0     0     0     0
  layer 5:     0     0     0     0 47000 53000     0     0     0     0
Xavier (sqrt(1/n)):
  layer 1:  1419  6883 11549 14355 15788 15615 14475 11590  6908  1418
  layer 2:     0     5  2769 19006 28374 26179 17299  6003   365     0
  layer 3:     0   606  5016 12998 36726 28864 12684  1417  1689     0
  layer 4:     0     0  7936 13700 28486 24334 20718  3867   959     0
  layer 5:     0     0  4540 17362 28587 28138 16858  4515     0     0
